地区	一批提档线	临床医学（八年制）	临床医学（五年制）	口腔医学（八年制）	口腔医学（五年制）	基础医学（八年制）	预防医学（七年制）	药学（六年制）	护理学（四年制）	英语(生物医学英语)	医学实验技术（四年制）	医学检验技术（四年制）	口腔医学技术（四年制）	
最高	最低	平均	最高	最低	平均	最高	最低	平均	最高	最低	平均	最高	最低	平均	最高	最低	平均	最高	最低	平均	最高	最低	平均	最高	最低	平均	最高	最低	平均	最高	最低	平均	最高	最低	平均	
北京	679	695	686	689.5	685	681	682.7	689	685	686.9	685	681	682.8	691	682	684.3	687	680	681.5	689	680	682.3	675	624	640.9	681	679	680	672	563	609	653	582	609.8	662	624	639	
天津	675	680	680	680	679	678	678.8	682	682	682	678	678	678	680	680	680	675	675	675	678	678	678				671	671	671										
河北	684	700	696	697.5	693	687	690.7	695	695	695	693	693	693	685	685	685	686	685	685.3	692	687	689	676	665	671.5	684	680	682										
山西	563	660	648	655.3	654	632	648.2	651	651	651	649	649	649	650	648	649	650	563	620.3	659	622	641.6				642	563	615.3										
内蒙古	645	671	667	669	667	661	664.2	670	670	670	658	658	658	655	644	649	649	646	647.7	653	647	650	639	629	634.2	646	645	645.5										
辽宁	664	681	678	679.5	677	676	676.8	678	678	678	676	676	676	670	669	669.5	667	667	667	671	669	670.3				665	664	664.5										
吉林	659				683	678	680				675	675	675	663	663	663	673	664	668.5	672	670	671				661	659	660										
黑龙江	660	686	685	685.5	682	666	673.5				662	662	662	681	674	677.5	668	660	664	664	662	663.3				664	661	662.5										
江苏	396	409	405	407	401	397	398.5	405	405	405				402	397	399.5	399	398	398.5	405	401	403				397	396	396.5										
浙江	711	733	733	733	721	720	720.5	724	724	724				718	717	717.5	724	724	724	715	711	713				714	714	714										
安徽	670	687	685	686	683	676	678.3	687	687	687	682	682	682	685	673	679	679	673	675.8	680	670	674.4				672	670	671										
福建	659	681	679	679.8	678	663	671.1	678	665	671.5	664	664	664	670	662	665.3	664	659	662	676	659	664.8				672	672	672										
江西	660	683	675	679	673	672	672.8	676	676	676				672	669	671	667	660	663.3	674	655	668.3				669	660	664.5										
山东	676	700	700	700	698	686	694.8	698	698	698	694	694	694	697	690	693.5	694	683	690.5	699	680	691.5				678	676	677										
河南	666	678	676	677	674	669	672	676	676	676	671	670	670.5	674	668	671.3	669	666	667	672	666	669.3	666	661	663.2	666	666	666										
湖北	668	675	673	674	672	669	671	676	676	676	668	668	668	672	668	670	669	668	668.3	678	669	673																
湖南	676	684	684	684	684	678	681.3	685	685	685	680	680	680	682	678	680	676	676	676	688	676	682				678	676	677										
广东	677	686	684	684.7	684	680	681.5	680	680	680				686	680	682.8	679	678	678.5	687	679	682.8	656	580	616.7	678	677	677.5										
广西	633	669	668	668.7	654	647	651.2				632	632	632	655	637	645	641	621	633	657	640	647.2	642	631	636.5	638	633	635.5										
重庆	685	698	697	697.3	696	692	693.8	695	695	695				692	691	691.5	689	680	684.7	690	681	686.7	691	679	683.8	679	679	679										
四川	653	663	662	662.3	661	655	657.8							656	654	655	653	653	653	654	648	651				643	643	643										
贵州	644	667	667	667	664	658	660	648	648	648							642	624	633	644	624	632				639	639	639										
云南	628	694	681	687.5	671	647	661.8	658	658	658	632	629	630.5	678	649	662	663	628	643.3	690	653	667.7	658	645	651.3	653	653	653										
陕西	673	692	678	684.7	681	677	679.3	683	683	683	682	674	679.3	688	674	683	676	673	674.5	689	676	682.4				678	678	678							港澳台联招	
甘肃	619	654	634	642.8	627	616	621	660	660	660	631	626	628.5	633	632	632.5	619	619	619	629	626	628													临床医学（六年制）	
宁夏	598	639	639	639	629	623	626.3							611	611	611	598	593	595.5	622	622	622													最高	最低	平均	
新疆	586																			656	608	635.2							595	586	589.8				619	607	613.4	
