地区	临床医学（八年制）	临床医学（五年制）	口腔医学（八年制）	口腔医学（五年制）	基础医学（八年制）	预防医学（七年制）	药学（六年制）	英语（生物医学英语）（五年制）	护理学（四年制）	医学实验技术（四年制）	医学检验技术（四年制）	
最高	最低	平均	最高	最低	平均	最高	最低	平均	最高	最低	平均	最高	最低	平均	最高	最低	平均	最高	最低	平均	最高	最低	平均	最高	最低	平均	最高	最低	平均	最高	最低	平均	
北京	694	671	679.7	673	658	664	692	674	680.2	665	659	661.8	677	662	667	662	646	653.7	676	648	658.5	655	654	654.5				654	610	627.1	664	616	633.8	
天津	693	675	682.7	673	672	672.5	677	677	677	665	665	665	678	677	677.5	658	658	658	657	657	657	654	654	654										
河北	699	697	697.7	695	691	693	695	695	695	694	694	694	695	694	694.5	693	688	689	698	690	693	686	683	684	688	673	678.3							
山西	668	668	668	664	661	662.2	666	666	666	659	659	659	664	662	662.7	663	657	659.8	660	656	658	656	656	656	649	630	638.2							
内蒙古	675	670	672	667	659	662.8	661	661	661	658	656	657	653	647	651	656	640	648	656	640	648.5	645	645	645	639	616	621.7							
辽宁	679	677	678	675	673	674	677	676	676.5	676	670	673	674	673	673.5	672	672	672	672	667	670													
吉林	694	694	694	690	684	688	690	690	690				686	684	685	686	679	683	687	678	683.7	676	674	675										
黑龙江	689	686	687.5	683	681	682.3	689	689	689	677	677	677	686	674	680	676	670	673.7	686	670	678.3	666	665	665.5										
江苏	416	412	414	401	399	399.7	406	406	406				405	399	402	402	400	401	401	397	399	398	397	397.5										
浙江	729	712	720.5	721	715	718.5	735	735	735				726	712	720.7	715	715	715	728	712	721	711	711	711										
福建	673	672	672.5	670	663	666	670	670	670	664	664	664	668	658	662.5	661	656	658.8	663	661	662.3	652	652	652										
江西	669	668	668.5	668	665	666.7	667	667	667				664	663	663.5	662	662	662	665	662	663.5	663	663	663	645*	632*	638.3*							
山东	700	696	698.3	699	698	698.5	696	696	696	695	695	695	701	696	698.5	696	678	690.5	695	678	691	677	675	675.7										
河南	694	682	686	677	676	676.8	677	677	677	675	674	674.5	679	676	677	676	674	674.6	677	674	675	672	671	671.5	672	658	665	672*	662*	666.8*	670*	662*	666.2*	
安徽	642	642	642	642	637	640	648	648	648	627	627	627	643	628	635	628	628	628	637	633	635	634	631	632.5	615*	596*	605.8*							
湖北	678	672	674	670	668	669	668	668	668	664	664	664	669	666	668	666	658	663	672	666	669.7	655	653	654										
湖南	677	676	676.5	675	666	671.5	675	675	675	662	662	662	676	668	672	662	656	659	671	671	671	667	646	656.5										
广东	676	675	675.3	675	669	672	668	668	668	669	669	669	674	665	668.5	672	666	669	673	666	670	666	664	665										
广西	686	674	679.3	674	664	669.4	674	674	674	659	659	659	659	659	659	662	662	662	667	656	661.7	655	651	652.3	658	635	644.5							
重庆	667	667	667	660	658	658.8	665	665	665				663	658	661	655	655	655	659	659	659	657	654	655.5	649	639	643.9							
四川	661	657	659	655	647	651.3							646	645	645.5	659	659	659	651	641	646	652	652	652	634*	591*	612.6*							
贵州	672	672	672	644	644	644													647	644	645.5							652*	633*	640.6*	667*	643*	651.7*	
云南	692	685	689.3	682	677	679.8	681	681	681	673	672	672.5	680	674	677	675	665	671.3	664	662	663	661	661	661	672**	645**	657.4**							
陕西	693	687	689.7	689	686	687.8				685	685	685	688	687	687.7	686	685	685.7	690	690	690	685	685	685	659*	558*	625.5*							
甘肃	660	658	659	656	647	651	657	657	657	653	653	653	648	642	645	649	642	645.5	649	646	647.5				641*	523*	588.7*							
宁夏	655	655	655	648	646	647							648	648	648																			
海南	902	902	902	856	856	856							852	852	852	850	850	850	847	847	847													
新疆预科																			663	620	636							645	623	631				
港澳台联招	临床医学(六年制)	最高	最低	平均	680	576	636	
