	贫困专项提档线	药学（六年制）	护理学（四年制）	医学实验学（四年制）	医学检验学（四年制）	口腔医学技术（四年制）	
最高	最低	平均	最高	最低	平均	最高	最低	平均	最高	最低	平均	最高	最低	平均	
山西	534				594	534	562.9										
安徽	651				671	651	661.8										
江西	644				657	644	649.0										
河南	661	667	664	665.3				662	661	661.3	663	661	661.7	667	664	665.5	
湖南	639				653	628	638.9										
四川	604				617	586	601.9										
贵州	636							618	616	617	639	625	633.7	644	637	640.5	
云南	657	667	662	663.7				657	647	653				678	666	673	
陕西	650							655	650	652.7	656	656	656	663	660	661.5	
甘肃	601	624	620	621.7				615	601	610	622	619	620.5				
