地区	一批提档线	临床医学（八年制）	临床医学（五年制）	口腔医学（八年制）	口腔医学（五年制）	基础医学（八年制）	预防医学（七年制）	药学（六年制）	英语（生物医学英语）	护理学（四年制）	医学实验技术（四年制）	医学检验技术（四年制）	口腔医学技术（四年制）	
最高	最低	平均	最高	最低	平均	最高	最低	平均	最高	最低	平均	最高	最低	平均	最高	最低	平均	最高	最低	平均	最高	最低	平均	最高	最低	平均	最高	最低	平均	最高	最低	平均	最高	最低	平均	
北京	665	679	673	675.5	672	666	668.4	678	673	674	670	667	668.4	679	666	670.4	668	662	665.3	675	665	668.9	665	665	665	656	608	624	630	581	598	655	608	626	628	586	601	
天津	678	687	685	686	684	683	683	684	684	684	683	683	683	684	679	681.5	680	680	680	682	679	680.5	678	678	678													
河北	697	706	705	705.5	703	701	701.5	705	705	705	702	702	702	708	703	705.5	699	698	698.7	703	698	699.5	697	697	697	685	680	682										
山西	650	671	668	669	665	660	662.2	667	667	667	661	661	661	666	660	662.3	656	650	653.8	664	654	657.4	666	653	659.5													
内蒙古	667	686	684	684.7	683	670	676.1	681	681	681	675	668	671.5	675	672	673	673	658	665.5	675	669	671.5	667	657	660.3	653	641	648										
辽宁	670	686	686	686	683	673	679.3	681	681	681	679	672	675.5	676	675	675.5	675	671	673	672	670	671	675	670	672.5													
吉林	671	690	690	690	688	684	685.3				684	684	684	676	675	675.5	675	672	673.5	680	680	680	671	671	671													
黑龙江	668	698	681	687.3	680	671	675	677	677	677	670	670	670	677	676	676.5	670	670	670	681	668	673.3	669	668	668.5													
江苏	406	422	418	420	418	411	414.3	416	416	416				413	412	412.7	408	406	407	411	411	411	407	406	406.5													
浙江	709	724	724	724	718	709	713.5	727	727	727				723	713	719	710	710	710	716	716	716	712	709	710.5													
安徽	652	673	671	672	673	665	668	658	658	658	655	655	655	664	657	660	659	655	657	677	653	658.2	652	652	652													
福建	641	664	660	661	656	645	651.3	665	658	661.5	657	657	657	654	642	647.5	646	641	643.3	666	646	653.6	642	642	642													
江西	656	676	674	674.7	673	669	671	674	674	674				672	660	665.3	660	656	657.6	668	661	663.5	669	658	663.5													
山东	684	703	695	699	694	691	692	691	691	691	692	692	692	696	684	690	690	684	687.7	694	689	690.8	684	684	684													
河南	674	687	682	683.8	682	679	680.4	682	682	682	679	678	678.5	681	676	678.8	679	676	677.8	682	675	678	674	674	674	674	662	669										
湖北	681	690	688	689.3	685	681	682.5	687	687	687	687	687	687	684	683	683.7	682	681	681.7	684	681	682.3	681	681	681													
湖南	663	675	674	674.5	673	666	668.7	669	669	669	665	665	665	675	669	672	666	664	665	666	665	665.5	663	649	656													
广东	637	673	670	671.5	669	662	665.4	667	667	667	660	660	660	666	660	663	660	660	660	668	637	656.3	641	637	639	613	577	593										
广西	647	672	665	669.3	667	657	662.3	668	668	668	662	662	662	663	660	661.3	659	651	655.3	664	647	655				654	635	644										
重庆	694	698	698	698	697	694	696	698	698	698				697	696	696.3	695	695	695	694	694	694	694	694	694	685	680	683										
四川	677	688	685	686.3	684	678	681.8							683	680	681.5	680	677	679	685	678	681.3	677	668	672.5													
贵州	662	673	652	660.4	650	644	647.3	678	678	678							645	642	643.5	652	643	647																
云南	667	697	692	695	684	678	681.3	691	691	691	691	677	684	674	670	672.3	670	667	668.7	684	673	676.8	659	659	659	663	653	659										
陕西	690	701	697	699.2	694	691	692.4	700	700	700	699	697	698	693	690	691.7	695	690	692.5	701	695	696.8	690	690	690										港澳台联招	
甘肃	651	669	665	666.5	660	657	658.2	669	669	669	658	656	657	665	660	662.5	657	651	654	657	657	657													临床医学（六年制）	
宁夏	648	658	658	658	655	649	652							648	648	648	634	628	631	650	650	650													最高	最低	平均	
新疆民族预科																			673	620	652							664	606	630.5				634	577	604.6	
