地区	提档线	临床医学（八年制）	临床医学（五年制）	口腔医学（八年制）	口腔医学（五年制）	基础医学	预防医学	药学	英语(医学英语)	护理学	医学检验技术	
北京	655	662	658	663	656	657	650	655				
北京(提前批)	592									592		
天津	669	675	670	672	672	678	669	672	671			
河北	683	688	685	690	686	685	684	683				
河北(提前批)	668									668		
山西	618	640	629	635	630	622	618	618	622			
山西(国家专项)	545									545		
内蒙古	600	668	657	674	660	658	636	590	629			
内蒙古(提前批)	632									622	649	
内蒙古(民族预科)	592						612				582	
辽宁	663	672	671	678	673	669	666	663	663			
吉林	659	674	676		675	659	661	672	664			
黑龙江	657	673	664	673	664	658	657	659	657			
江苏	381	412	393	408		386	387	391	381			
浙江	682	687	685	687		686	683	682				
安徽	643	658	655	658	649	646	643	644				
安徽(国家专项)	639										639	
福建	623	638	631	645	628	627	623	623	631			
江西	651	664	660	665		656	652	651	651			
江西(国家专项)	647		650				647	647	650			
山东	675	681	679	685	678	677	675	675				
河南	657	668	665	665	664	665	657	640	661			
河南(一批单列)	646									646		
河南(国家专项)	654		660				655	655	654			
湖北	665	676	674	675	671	669	665	673				
湖南	666	671	667	673	666	669	667	666	650			
湖南(国家专项)	628									608		
广东	633	662	661	657	658	658	644	637	633			
广东(提前批)	580									580		
广西	629	645	641		619	629	630	622				
广西(提前批)	611									611		
重庆	673	682	674	687		674	664	678	668			
重庆(一批单独代码)	672										672	
四川	660	680	670			669	664	673	650			
四川(国家专项)	623									603		
贵州	645	653	646	653	644		630	627	625			
贵州(国家专项)	597									577		
云南	634	666	642	667	640	639	634	652	643			
云南(提前批)	633									633		
云南(国家专项)	660		660				657	661				
陕西	685	687	688	694	685	687	688	686	685			
陕西(国家专项)	649										649	
甘肃	632	647	640	656	637	641	633	632				
甘肃(国家专项)	619		633				620	619				
宁夏	595	639	634			596	595	637				
新疆(民族预科)	608						620	639			608	
港澳台联招	649（临床医学（六年制））	
